number_of_examples,time
2,0.19
10,0.41
20,0.68
30,1.07
40,1.51
50,2.05
60,2.66
70,3.43
80,4.23
90,5.43
100,6.51
110,8.11
120,9.25
130,10.8
140,12.74
150,15.74
160,18.07
170,20.68
180,23.66
190,29.27
200,32.99
210,37.84
220,42.75
230,47.86
240,54.0
250,65.1
260,71.94
270,80.29
280,89.83
290,98.73
300,110.56
310,123.49
320,144.41
330,161.16
340,176.48
350,193.52
360,213.22
370,234.93
380,256.69
390,284.59
400,317.65
410,360.35
420,389.46
430,424.02
440,464.72
450,502.36
460,550.04
470,593.71
480,647.0
490,694.8
500,776.93
