number_of_examples,time
2,0.15
10,0.62
20,1.34
30,2.01
40,2.67
50,3.33
60,4.01
70,4.69
80,5.43
90,6.06
100,6.68
110,7.37
120,8.02
130,8.73
140,9.38
150,10.12
160,10.83
170,11.51
180,12.27
190,12.9
200,13.53
210,14.25
220,14.99
230,15.65
240,16.4
250,17.11
260,17.76
270,18.49
280,19.16
290,19.96
300,20.56
310,21.14
320,21.9
330,22.78
340,23.58
350,24.25
360,25.09
370,25.65
380,26.2
390,26.82
400,27.14
410,28.05
420,28.79
430,29.52
440,30.21
450,30.95
460,31.68
470,32.35
480,32.93
490,33.48
500,34.47
