number_of_examples,time
2,0.12
10,0.14
20,0.15
30,0.27
40,0.48
50,0.78
60,1.11
70,1.62
80,2.12
90,2.98
100,3.81
110,5.16
120,6.14
130,7.43
140,9.96
150,12.89
160,13.86
170,16.18
180,18.97
190,24.44
200,27.8
210,31.93
220,36.14
230,41.3
240,47.46
250,58.15
260,64.34
270,72.18
280,80.29
290,88.99
300,99.51
310,112.51
320,134.47
330,150.9
340,165.32
350,180.19
360,200.09
370,220.38
380,241.23
390,264.51
400,300.21
410,342.03
420,373.47
430,411.53
440,442.14
450,484.58
460,521.77
470,570.43
480,615.55
490,672.76
500,745.49
